33
1
40
12
4
42
10
10
32
39
48
17
21
23
49
24
36
34
18
20
4
24
17
42
22
9
36
0
35
18
12
33
12
44
38
42
11
8
2
36
42
40
0
46
1
19
23
44
9
16
12
36
19
34
7
23
45
42
1
45
39
24
26
24
24
14
40
36
10
45
36
31
29
17
20
11
1
30
35
9
18
32
2
36
4
31
35
2
4
31
20
12
45
33
47
10
21
4
12
48
18
38
48
46
27
41
45
1
15
13
13
32
23
36
0
9
48
11
8
11
9
5
17
44
38
13
15
13
2
35
9
39
49
9
29
9
48
22
40
27
47
47
46
40
44
45
9
13
43
25
8
11
24
38
41
11
36
36
14
36
22
34
48
22
29
48
18
4
43
38
32
7
16
0
24
14
14
13
26
44
46
29
26
4
46
33
31
42
18
44
20
0
16
0
37
24
1
13
27
23
7
40
38
29
29
36
49
36
5
24
39
2
20
15
24
35
29
10
3
42
40
8
4
14
23
27
22
35
14
24
36
18
12
49
31
26
30
17
12
4
18
45
42
10
40
22
11
38
45
24
33
12
1
37
5
49
48
16
23
9
36
23
6
18
3
18
38
49
14
41
3
8
36
2
12
46
33
28
31
24
13
7
4
26
49
5
36
19
21
26
47
4
44
2
7
16
18
1
46
22
27
12
12
25
0
37
28
16
26
47
45
32
15
32
28
44
25
49
15
29
18
26
34
1
30
38
29
38
14
24
19
18
31
0
29
36
30
5
45
4
46
47
43
40
10
24
14
37
39
24
41
49
7
48
35
34
40
48
4
45
42
8
3
16
46
36
30
36
6
2
0
23
25
42
40
35
26
41
29
4
14
35
45
26
36
24
5
5
42
17
0
25
24
22
24
39
15
13
18
11
19
28
36
30
1
24
5
29
18
13
19
28
44
43
35
36
7
49
17
0
45
32
41
22
37
47
39
44
22
22
49
0
27
3
19
35
24
24
6
34
31
15
27
30
41
47
49
37
14
1
44
5
14
36
48
35
5
44
8
29
45
26
47
17
9
18
15
36
10
31
32
23
25
10
30
9
42
31
32
36
10
35
14
38
36
30
45
45
22
28
21
31
29
9
30
15
40
1
41
19
6
7
9
40
20
2
17
48
36
19
6
13
48
22
11
4
38
9
16
3
24
34
47
5
15
9
7
17
14
4
27
10
3
47
35
44
19
28
22
41
23
0
40
11
32
39
44
47
1
34
26
29
47
16
45
49
36
30
9
26
16
1
19
26
36
49
36
34
36
1
1
19
7
47
46
19
35
9
2
45
4
26
3
46
3
27
18
25
44
32
40
43
22
34
47
31
40
1
28
13
43
36
40
26
45
40
36
11
40
47
16
44
40
5
2
44
49
33
29
27
33
30
8
38
26
36
38
46
27
30
35
5
7
26
47
43
4
36
36
32
40
18
24
34
26
49
45
34
31
34
0
10
47
46
40
24
49
44
8
20
29
3
35
29
39
8
33
10
9
28
7
48
49
28
4
9
6
40
16
25
18
40
22
4
40
28
46
36
43
43
1
46
47
29
12
3
47
33
36
10
49
4
33
11
15
30
30
8
45
8
47
39
36
23
4
38
14
33
1
9
8
19
33
18
26
38
27
38
4
46
38
41
20
48
46
2
16
43
31
14
4
4
47
2
5
26
0
18
0
14
46
5
4
4
14
0
19
31
37
22
27
31
16
3
37
1
17
31
44
11
7
15
33
36
21
40
44
0
40
46
18
4
24
47
44
10
15
4
32
24
38
26
22
12
43
10
49
8
21
27
47
28
12
44
35
38
9
20
34
48
8
37
38
2
45
49
18
19
36
9
34
11
39
38
35
6
15
15
31
17
34
33
8
4
13
3
11
28
14
20
1
0
3
25
9
27
28
5
46
0
20
9
3
16
27
49
8
21
45
39
25
14
4
40
18
41
35
34
11
32
2
1
21
25
16
16
22
26
24
27
44
29
45
6
20
7
3
32
40
17
14
47
30
21
41
5
7
25
36
2
38
25
0
32
32
24
36
13
30
12
11
45
21
36
34
3
12
1
0
40
36
43
40
17
1
8
10
40
24
42
31
7
34
30
16
5
15
41
40
2
4
10
11
34
5
41
35
18
11
5
36
28
37
48
13
42
12
11
0
36
31
7
8
14
43
33
5
31
35
6
26
27
8
41
36
4
45
43
27
30
22
8
49
46
12
2
13
35
24
44
9
15
4
45
33
21
44
22
12
7
36
8
16
25
9
12
24
12
31
34
11
1
48
47
22
33
46
36
11
43
4
35
46
47
18
24
49
16
33
22
45
44
21
46
14
23
38
33
27
44
40
39
12
20
27
45
46
17
26
1
48
31
9
23
46
22
47
16
36
25
22
12
9
2
32
16
3
19
35
3
18
32
16
29
11
33
46
38
37
9
38
28
18
31
41
8
15
45
40
48
6
21
33
40
30
36
22
28
12
24
18
49
45
30
12
27
0
8
8
23
18
43
40
7
28
14
16
3
44
2
35
33
15
3
23
11
35
4
49
14
31
37
44
44
32
3
28
5
18
31
18
49
20
8
36
1
36
23
31
36
44
22
38
49
7
39
37
5
44
5
46
36
23
49
11
8
7
47
27
28
4
9
14
5
36
18
2
36
16
28
23
11
36
16
41
14
45
49
4
39
9
0
27
29
38
8
4
27
34
30
32
36
45
30
44
44
33
22
1
38
28
43
34
45
15
23
34
29
49
0
24
15
43
24
32
20
39
10
45
39
45
21
42
42
0
18
45
40
16
42
0
42
36
4
10
40
36
10
16
32
3
18
32
47
15
25
45
30
13
20
10
36
0
1
16
8
11
17
14
24
15
44
14
26
18
6
38
40
24
48
22
30
2
48
36
12
13
49
17
47
34
10
45
42
30
13
6
6
28
30
17
8
14
24
24
24
23
43
27
0
34
23
33
11
41
36
4
11
38
15
34
47
30
7
25
1
40
34
35
41
31
5
36
13
38
44
19
30
0
12
24
7
35
1
23
5
29
30
40
37
48
39
23
24
30
30
36
8
15
24
31
36
0
18
39
19
16
31
31
14
13
6
46
1
14
24
8
45
22
11
8
33
33
29
21
2
34
18
14
40
25
24
5
25
36
11
9
5
30
48
34
22
6
43
36
12
1
13
37
24
28
32
17
39
48
7
36
5
26
43
0
38
33
24
16
16
38
28
30
20
48
49
30
31
39
5
35
5
33
1
31
10
9
47
10
7
41
6
44
8
18
44
40
40
36
34
30
16
38
32
6
37
27
40
44
25
