33
1
35
12
4
42
24
28
24
39
48
4
21
6
49
34
28
34
39
20
43
24
17
42
22
9
36
31
25
2
12
33
12
44
38
2
11
4
2
36
42
12
0
39
1
28
23
44
29
10
12
36
19
34
39
23
45
39
1
38
39
27
26
24
10
45
25
49
10
45
36
31
29
17
20
11
1
30
35
9
18
32
28
36
4
31
31
2
4
31
20
12
45
33
47
10
21
4
12
48
18
38
48
24
42
41
45
1
15
13
13
32
23
36
0
29
48
11
8
11
42
5
17
44
13
13
15
13
2
35
9
39
49
9
29
9
48
22
40
30
13
47
46
47
44
45
9
13
43
25
8
11
10
31
41
11
14
36
14
30
22
34
48
22
29
48
28
4
43
38
32
7
16
44
24
42
26
13
26
34
46
29
26
4
46
33
31
36
18
28
20
26
16
0
29
24
1
13
44
23
28
40
49
34
29
39
49
13
5
46
39
2
20
15
24
35
29
10
3
42
40
8
4
14
36
27
22
35
14
24
36
4
12
49
31
26
7
17
12
19
18
45
42
10
35
22
11
7
45
6
4
12
1
37
5
49
48
16
23
9
36
23
34
9
3
18
38
49
14
41
3
9
31
2
12
46
33
28
31
24
13
7
4
26
49
5
36
19
28
26
47
4
44
2
7
16
18
1
46
22
27
12
12
20
48
37
28
34
26
47
45
32
15
32
28
44
25
49
15
29
18
26
34
1
13
38
29
38
14
30
19
18
31
42
29
35
30
5
48
34
46
49
43
40
30
36
42
37
39
24
41
49
7
48
35
34
40
36
4
45
42
30
3
16
46
36
30
35
6
2
0
21
25
42
40
35
26
41
29
4
41
35
45
30
4
24
5
22
39
17
0
25
24
22
34
43
15
13
12
11
28
28
28
30
21
24
26
29
18
13
19
28
44
43
24
36
7
49
17
0
6
32
31
22
37
47
28
1
46
22
49
0
27
28
19
12
24
24
6
34
31
15
27
30
41
47
7
37
14
1
44
5
14
36
48
35
5
44
8
29
45
26
45
17
9
18
15
31
10
31
32
23
25
10
30
43
39
31
24
7
10
35
22
34
36
30
4
45
22
28
16
31
31
9
30
15
40
1
28
19
6
7
9
40
20
2
17
48
26
19
6
13
48
22
11
3
38
42
21
3
24
34
47
26
15
30
10
17
14
4
27
10
3
47
35
44
28
28
22
41
23
0
6
11
32
39
44
47
1
34
44
29
47
30
45
49
45
30
9
49
16
1
19
3
39
49
36
34
13
36
1
19
7
47
46
19
33
9
2
45
4
26
3
46
24
40
18
25
44
15
19
43
22
34
47
18
40
1
28
13
43
36
40
34
45
43
36
11
40
37
16
44
40
29
2
44
49
20
29
27
33
30
5
38
26
28
38
46
27
17
35
5
7
26
47
43
12
29
25
32
40
18
24
3
26
49
40
34
31
34
0
10
47
46
14
24
49
14
8
20
29
3
35
29
39
8
33
10
9
21
7
48
49
28
1
9
6
40
16
25
0
42
22
4
40
28
46
19
43
43
1
46
18
29
12
3
5
33
13
10
49
4
33
11
34
26
30
39
45
8
47
39
36
2
4
37
14
33
1
9
8
34
33
18
26
38
27
38
39
46
37
41
20
48
46
2
4
31
31
14
4
4
28
2
5
26
0
18
0
14
46
4
4
4
5
0
28
31
3
29
27
31
16
3
37
1
17
31
44
11
7
15
33
15
28
40
44
28
40
46
12
4
24
47
44
10
15
4
12
24
38
26
22
12
43
10
49
39
21
27
47
28
12
44
37
38
9
34
34
48
39
37
38
2
45
49
18
29
5
9
34
11
39
38
30
6
15
46
31
17
34
33
8
4
29
3
11
28
14
20
15
0
3
25
24
32
28
5
36
0
0
9
3
24
27
49
8
47
43
39
25
14
0
40
31
41
35
34
11
32
2
1
21
25
16
16
22
26
24
27
44
43
45
6
20
7
3
34
42
17
14
47
28
21
41
5
7
25
36
2
38
25
0
32
10
1
36
13
3
12
11
45
21
36
16
3
12
1
0
35
10
43
31
17
1
37
10
40
31
14
31
7
34
30
23
5
15
43
40
2
4
28
24
34
5
41
35
18
11
28
37
28
37
5
13
42
12
11
0
30
31
7
30
14
43
33
4
31
35
6
7
27
8
41
38
7
45
43
21
30
22
39
49
46
12
28
22
29
24
44
9
15
4
13
30
21
44
22
12
7
4
8
16
25
9
31
31
12
31
24
11
1
48
28
0
33
46
36
37
28
31
36
46
47
18
24
24
40
33
22
4
3
21
4
14
10
38
33
27
44
40
43
12
25
27
45
46
17
26
29
48
40
9
23
34
22
47
16
34
8
22
12
42
28
32
4
3
18
35
3
18
32
16
29
11
48
46
38
30
9
38
28
18
31
41
8
15
45
13
22
6
25
33
28
40
36
22
27
31
24
28
8
45
30
12
27
41
8
8
23
6
43
40
7
4
14
28
3
44
2
35
33
15
3
23
11
22
31
28
14
31
37
44
44
32
3
28
36
18
31
12
49
20
8
36
39
36
17
31
36
24
22
43
49
7
39
37
5
44
40
46
36
15
49
11
8
7
47
27
28
7
9
42
5
34
18
2
43
16
28
23
11
36
16
39
20
45
49
4
39
9
0
27
29
38
8
4
47
34
30
32
36
45
30
44
24
33
48
1
3
28
43
34
45
15
23
34
8
49
0
28
39
43
24
32
34
39
10
45
39
39
21
42
42
0
18
45
48
16
42
0
42
31
4
10
40
42
10
16
32
3
18
27
47
15
25
45
30
13
26
10
36
0
11
19
8
11
17
14
24
15
44
14
26
17
49
38
40
24
48
22
30
2
48
24
12
13
49
17
47
34
10
39
42
30
13
6
6
28
30
39
39
14
31
24
24
23
43
27
0
28
23
36
1
23
36
47
11
38
15
34
47
30
7
25
44
10
34
35
41
31
5
36
13
38
44
30
27
0
12
24
7
35
1
36
5
29
44
40
37
31
39
36
36
30
40
36
43
15
25
31
39
0
18
39
19
16
31
31
14
13
6
46
1
14
24
25
21
22
11
8
8
33
29
21
2
34
18
14
31
25
24
5
25
30
11
9
5
2
48
34
22
28
43
25
12
1
13
21
24
28
32
17
28
48
7
34
5
28
25
0
38
33
24
34
2
37
28
30
25
48
49
30
31
39
5
35
5
33
29
31
41
9
47
10
7
41
6
44
8
18
39
19
40
28
34
30
16
38
32
6
37
27
42
44
35
