33
1
44
12
4
42
10
10
32
39
48
4
21
23
49
34
36
34
18
20
8
24
17
42
22
9
36
0
25
2
12
33
12
44
38
44
11
8
2
36
42
29
0
46
1
19
23
44
29
5
12
36
47
34
7
23
45
42
1
38
39
1
26
24
24
45
40
49
10
45
36
31
29
17
20
11
1
30
35
9
18
32
2
36
4
31
35
2
4
31
20
12
45
33
47
10
21
4
7
48
18
38
48
24
27
41
45
38
15
13
13
32
23
36
0
9
48
11
8
11
18
5
17
44
9
13
15
13
2
35
9
39
49
9
9
9
29
22
40
27
47
47
46
44
31
45
9
13
43
25
8
11
13
38
41
11
14
36
14
30
22
32
48
22
29
48
28
4
43
38
32
7
16
0
24
14
26
13
26
44
46
29
26
4
46
33
43
42
18
44
20
0
16
0
37
24
1
13
27
23
7
40
21
29
29
27
49
13
5
46
39
2
20
15
24
35
29
10
3
42
40
8
4
14
23
27
22
35
14
24
36
38
12
49
31
26
30
17
12
19
18
45
42
10
22
22
11
38
45
30
33
12
1
37
5
49
48
16
23
9
36
23
34
9
3
18
46
49
14
41
3
8
31
2
12
46
33
28
43
24
13
7
4
26
0
5
36
19
21
26
47
4
44
2
7
16
18
1
46
22
27
12
12
25
0
37
28
34
40
47
45
32
15
32
28
44
25
49
15
29
18
26
34
1
2
38
43
38
14
24
19
18
31
0
29
35
30
5
45
4
46
47
43
40
45
24
18
37
39
24
41
49
7
48
35
34
40
48
4
45
42
8
3
16
46
36
30
49
6
2
0
28
25
42
40
35
11
41
29
11
2
35
45
30
4
35
23
22
42
17
0
25
13
22
34
5
15
13
18
11
19
28
29
30
1
24
29
29
18
13
19
28
44
43
30
36
7
49
17
0
3
32
41
22
37
47
39
1
46
22
49
0
47
28
19
12
24
44
6
34
31
15
27
30
41
47
44
37
14
1
44
5
14
36
48
35
5
44
8
29
45
26
45
17
9
18
15
30
10
31
32
23
25
10
30
7
42
31
32
36
10
35
22
15
36
30
33
45
22
28
21
31
29
9
30
15
40
1
41
19
6
7
9
40
20
2
17
48
15
19
6
13
48
22
11
29
38
9
16
3
24
34
47
5
15
9
7
17
14
4
27
10
3
47
35
44
19
28
22
29
23
0
13
11
32
39
44
47
1
34
44
29
47
16
45
49
45
30
9
26
16
1
19
3
12
49
11
34
13
1
1
19
7
47
46
19
35
9
2
45
4
26
3
46
3
40
18
25
44
32
19
43
22
34
47
18
40
1
28
13
43
36
40
30
45
13
36
11
40
47
16
44
40
5
2
44
49
33
29
27
33
30
5
21
26
28
38
46
27
30
35
5
7
26
47
43
4
44
25
32
40
18
24
20
26
49
45
34
31
34
0
10
47
46
37
24
49
44
8
20
29
3
30
29
1
8
33
10
9
21
7
48
49
28
35
9
6
40
16
25
0
6
22
4
40
28
46
19
43
43
1
46
47
29
12
3
47
33
3
10
49
4
33
11
15
15
30
26
45
8
47
39
36
44
4
37
14
33
1
9
8
19
33
18
26
38
27
38
25
46
33
41
20
48
46
2
21
43
31
14
4
4
44
2
5
26
0
47
0
14
46
5
4
4
14
0
19
31
37
29
27
31
16
3
37
44
17
36
44
11
7
15
33
24
21
40
44
0
40
46
12
4
24
47
44
10
15
4
32
24
38
26
22
12
43
10
49
21
21
27
47
28
12
44
35
38
9
20
34
48
39
37
38
2
45
49
18
19
13
9
34
11
39
38
35
35
15
15
31
17
34
33
8
4
29
3
11
28
14
20
44
0
3
25
9
15
28
5
46
0
20
9
3
16
27
49
8
21
45
22
25
14
24
40
18
41
35
21
11
32
2
1
21
25
16
16
22
26
24
27
44
43
45
6
20
7
3
4
6
17
14
47
30
21
41
5
7
25
36
2
38
25
0
32
4
1
36
13
41
12
11
45
21
37
34
3
12
1
0
44
29
43
31
13
1
8
10
40
24
37
31
7
0
30
23
5
15
48
11
2
4
10
16
34
5
41
35
18
11
28
36
28
37
48
13
42
12
11
0
30
31
7
8
14
43
33
43
31
35
6
26
27
8
41
18
7
45
43
40
30
22
8
49
46
12
2
13
35
24
44
9
15
18
13
33
21
44
22
12
7
36
8
16
25
9
12
24
12
31
34
11
1
48
47
0
33
46
36
11
2
19
35
46
47
18
24
24
5
33
22
46
38
21
12
26
23
38
33
27
44
40
1
12
20
27
45
46
17
26
13
48
29
9
23
46
22
47
16
36
8
22
12
42
2
32
34
3
19
35
3
18
32
16
29
11
33
46
38
37
9
3
28
18
31
41
8
15
45
40
48
6
21
33
28
49
36
22
28
2
24
18
3
45
30
12
27
41
8
8
23
6
2
40
7
28
14
44
3
44
2
35
33
15
3
23
11
4
31
47
14
31
37
44
44
32
3
28
0
18
31
18
49
20
8
36
1
44
23
31
36
44
22
33
49
7
39
37
5
44
47
46
36
23
49
11
8
7
47
27
28
36
9
42
5
24
18
2
40
16
28
23
11
36
16
18
14
45
49
4
39
9
0
27
29
38
8
4
27
34
30
32
36
45
30
44
44
33
48
1
38
28
43
34
0
15
23
34
44
49
0
24
47
43
24
32
16
39
10
45
39
45
21
42
42
0
18
45
48
16
1
0
42
36
4
10
40
36
10
16
32
3
18
44
47
15
25
45
30
13
20
10
36
0
1
47
8
11
17
14
5
15
44
14
26
2
49
38
40
24
48
22
30
2
48
10
12
13
49
17
47
34
10
25
42
30
13
6
6
28
30
17
29
14
0
18
24
23
43
27
0
34
23
33
11
41
36
47
11
38
30
34
47
30
7
4
1
40
34
35
41
31
5
36
13
38
44
19
47
0
12
24
7
35
1
23
5
29
30
40
37
48
39
23
10
30
25
36
43
15
25
31
44
0
18
9
19
16
31
31
14
13
6
46
1
14
24
44
44
22
11
8
33
33
29
21
2
34
18
14
2
25
24
5
25
11
11
9
5
30
48
34
22
28
43
3
12
1
13
37
24
28
32
17
28
48
7
36
5
26
43
0
38
33
24
34
2
25
28
30
20
48
22
30
31
39
5
35
5
33
1
31
41
9
47
10
7
41
6
44
8
18
44
19
40
19
34
10
16
38
32
16
37
27
40
44
25
