33
1
44
12
4
42
12
10
32
39
48
44
21
8
47
32
14
34
44
4
8
32
44
42
22
9
36
0
36
48
12
19
12
44
44
42
11
42
2
36
49
24
0
2
1
24
23
44
27
4
12
40
19
34
31
23
45
42
1
38
12
24
26
24
24
45
34
5
24
45
36
31
9
12
20
11
2
30
35
9
18
32
2
36
28
9
33
2
4
31
20
12
1
33
47
10
21
4
7
2
18
38
48
43
40
41
45
21
15
49
48
32
23
2
31
9
48
11
8
4
18
5
17
44
5
13
15
13
2
33
22
4
49
18
29
9
48
22
40
27
47
47
20
44
31
45
9
13
43
25
8
11
16
38
41
11
14
36
14
3
44
24
48
22
29
48
4
4
43
38
32
7
16
0
24
14
26
13
22
34
46
43
26
4
46
33
29
14
18
21
20
0
16
0
37
24
1
13
4
23
7
24
38
48
29
4
49
23
30
1
39
2
20
15
24
35
29
10
3
42
40
8
37
14
23
27
18
35
3
24
36
21
12
49
31
26
5
44
12
19
28
45
42
10
30
22
11
38
45
44
33
12
1
37
5
25
48
16
23
9
36
23
24
22
3
18
46
49
14
41
3
9
44
44
12
18
48
44
36
24
13
7
4
22
0
5
36
19
2
26
47
4
44
2
7
16
12
1
46
22
27
12
12
25
48
37
28
34
26
47
45
32
3
24
28
44
25
49
15
29
44
26
34
1
44
39
9
38
14
44
2
18
32
0
29
35
30
5
45
4
46
47
41
36
45
24
14
37
39
24
16
49
7
48
35
34
40
48
4
45
42
8
3
32
46
36
30
49
6
2
0
21
25
42
40
35
15
41
29
16
2
35
45
21
44
42
30
22
42
17
0
25
9
22
24
1
15
13
26
11
12
28
44
30
21
24
6
29
18
13
19
28
44
43
35
36
7
49
17
0
21
32
41
22
37
47
39
1
12
22
3
0
47
32
19
12
24
30
6
5
2
15
27
30
10
47
18
37
14
1
44
5
14
36
48
35
30
1
8
29
45
26
45
17
9
18
15
8
10
31
32
23
25
47
30
7
42
45
14
33
10
35
22
43
36
30
1
45
22
28
21
2
29
9
30
15
40
1
14
19
23
49
14
40
20
2
30
48
29
19
6
13
48
18
11
4
38
29
21
3
24
34
47
48
15
14
7
44
14
4
27
10
3
47
35
44
19
28
22
33
23
0
47
11
32
8
44
47
1
34
44
29
47
16
5
49
14
30
9
26
16
1
19
5
39
49
16
34
49
1
1
12
7
47
46
19
43
9
2
45
24
26
14
46
2
9
18
15
44
14
18
29
22
34
47
18
40
1
28
30
43
36
40
48
45
40
36
11
40
47
16
44
40
14
2
44
49
33
42
27
48
30
26
38
26
28
38
46
27
30
35
5
7
26
47
43
4
35
25
32
40
18
24
36
26
49
45
34
31
34
0
10
47
46
44
24
49
44
8
20
29
3
35
29
39
8
33
10
9
44
7
48
49
28
18
9
6
40
16
25
41
35
15
4
40
28
46
19
43
43
1
46
47
29
12
14
47
35
3
10
49
4
24
11
15
26
32
26
45
5
47
1
36
23
4
37
14
48
1
9
8
8
33
18
26
38
27
38
39
46
38
41
20
48
35
2
21
43
31
14
4
4
21
2
5
26
0
47
0
14
46
5
4
4
14
12
19
31
37
0
27
31
16
14
37
8
37
20
44
11
7
15
33
43
21
24
44
21
40
46
12
4
24
47
44
10
15
42
32
24
38
31
22
31
43
10
49
21
21
27
47
28
12
44
35
38
9
32
34
48
39
37
38
2
45
49
18
19
30
9
34
11
12
38
44
6
15
3
31
17
34
33
8
4
32
3
11
28
14
20
44
0
3
25
9
21
8
5
36
48
0
9
3
16
27
49
8
21
44
22
25
14
47
22
37
41
35
48
11
32
2
1
21
25
16
16
22
26
24
27
44
37
45
6
20
7
3
16
29
17
14
37
30
21
41
5
7
25
36
2
38
25
0
32
9
44
36
13
14
12
11
45
21
24
34
15
12
1
0
44
43
43
31
22
1
8
10
40
24
42
31
7
0
16
23
5
37
48
36
2
4
12
11
34
5
41
35
18
11
42
44
28
37
2
13
42
12
11
0
43
31
33
8
14
43
33
9
31
35
6
25
27
8
9
9
7
45
43
16
30
22
37
49
46
12
2
13
35
23
44
9
48
28
13
29
49
44
30
12
7
36
8
16
49
14
12
14
12
31
34
11
1
48
47
21
33
46
36
44
42
4
35
46
47
18
24
21
40
33
22
46
3
21
29
4
23
15
33
27
44
24
1
12
20
27
45
46
47
26
41
48
29
9
23
46
22
44
16
40
12
41
12
42
2
32
42
3
47
35
3
18
32
16
19
11
33
1
38
37
9
3
28
18
31
41
8
15
45
13
48
6
6
33
14
3
36
22
28
2
24
18
20
47
30
12
27
23
8
8
23
49
3
40
7
28
14
44
3
44
2
35
33
15
14
23
11
4
28
25
14
31
37
44
44
32
3
28
0
18
31
42
49
20
8
36
44
44
23
44
36
44
44
43
49
7
12
37
5
44
3
46
36
21
49
11
37
7
47
27
28
16
9
42
5
8
18
2
13
31
28
23
11
36
16
21
25
45
49
4
39
9
0
27
29
38
8
4
27
34
30
32
36
45
30
44
44
33
48
1
23
28
43
34
0
15
23
34
22
49
0
8
47
43
24
32
31
39
10
45
20
47
21
42
42
21
18
45
48
16
44
48
42
36
4
27
40
36
10
16
32
3
31
28
47
37
25
45
16
13
20
37
36
0
1
0
8
11
30
14
5
15
44
14
26
2
47
34
24
24
48
22
30
2
48
40
12
13
49
37
47
34
10
3
42
30
13
6
6
28
30
17
37
44
8
32
24
23
43
27
1
2
23
33
21
43
36
47
11
38
15
34
47
30
7
40
44
8
34
33
41
31
5
36
13
38
44
19
37
2
12
24
7
35
39
5
5
29
2
3
37
48
39
2
17
30
42
36
29
15
33
31
44
48
18
39
19
16
1
31
14
13
6
19
1
14
24
8
21
22
15
8
33
33
37
21
2
34
18
14
2
25
24
5
25
5
3
9
5
44
48
34
49
21
43
8
12
44
13
44
24
28
32
44
2
48
7
36
5
26
43
0
38
33
24
16
24
1
28
30
20
48
5
30
31
39
5
35
5
33
39
31
41
9
47
10
7
43
6
44
8
18
44
19
40
21
2
10
16
38
32
16
37
27
6
44
25
