208
1440
1358
935
349
1093
1253
248
597
1529
582
1133
327
1599
659
1286
798
1111
1579
104
383
74
1527
768
1174
787
1061
1224
966
209
273
681
682
1495
274
1589
745
1111
1160
183
1
662
1182
4
1149
1058
1171
1337
882
704
660
824
524
924
724
44
183
1511
886
1543
1365
1274
724
1329
1440
29
140
1252
344
1455
559
1379
294
144
1199
513
199
460
127
1293
320
653
518
1482
879
297
363
1554
98
766
1424
304
1041
661
82
1113
929
249
274
232
177
1002
28
1221
974
587
121
882
672
609
137
398
1151
159
1511
195
547
332
93
335
1124
911
137
606
837
305
1283
1095
174
464
9
1191
424
877
771
1524
294
677
883
1084
1556
887
104
119
1524
211
1124
465
427
432
1049
1384
152
622
964
295
430
1529
999
1505
364
862
1077
502
409
1236
404
49
485
248
334
712
525
1509
108
983
1211
101
849
474
1503
149
949
565
409
983
168
411
1233
1344
372
764
198
1280
937
244
1482
408
318
940
780
602
6
1283
177
591
719
127
1324
713
424
340
194
591
1137
1232
1404
621
452
310
624
482
154
445
564
427
927
299
912
1002
172
1082
933
911
994
911
933
877
631
635
703
105
551
94
524
1574
265
1421
677
1049
687
402
629
364
661
421
1
1309
394
445
639
1591
974
627
232
365
711
1487
1424
621
474
315
1574
929
1085
240
674
715
940
1450
795
377
64
1361
608
944
925
424
1018
424
771
1304
721
1177
677
495
921
1443
452
1221
1340
1029
336
318
1327
1092
1265
1386
383
751
624
1074
1015
2
688
1477
1183
711
777
1324
559
782
721
1351
936
132
1483
824
761
24
236
68
147
1058
924
441
349
799
849
1488
928
1199
1061
847
1165
898
49
424
927
1056
397
672
274
574
261
47
982
1245
1093
577
1032
574
818
1594
1460
877
129
711
1198
470
27
1102
732
327
998
1055
577
149
618
694
784
431
679
293
1423
101
1580
120
1594
74
820
1209
1594
1424
1282
435
147
1299
945
230
1268
476
452
987
253
998
72
1244
611
974
398
1376
1529
1061
116
618
940
1095
1224
681
1177
1077
1527
965
1509
176
1474
151
461
1357
1100
1407
55
716
454
740
1524
344
247
1164
1024
354
1183
1402
1265
790
632
1274
1537
515
352
1115
515
1224
1549
1014
1347
1413
1515
248
194
701
1277
1120
524
1068
115
236
1452
436
1116
662
273
1587
457
9
1244
705
115
695
1562
974
1322
1471
1132
824
874
765
1413
256
1361
823
770
1425
758
1133
1522
901
224
753
959
611
1327
353
366
353
1574
574
424
1570
477
269
1405
861
1049
1109
176
1493
524
1256
1505
752
66
1161
1561
29
371
774
1194
1295
671
1453
218
621
1183
5
321
294
932
999
1431
1137
649
1077
970
1222
1558
1259
566
24
1382
887
1277
571
777
656
935
527
1549
902
1435
1577
99
440
1133
311
1120
1577
974
1437
524
733
332
1574
1561
1574
494
659
774
1065
794
941
1374
1105
847
1159
882
1277
183
1168
1344
1128
589
287
799
674
874
259
1433
772
1109
1286
924
674
224
587
1482
674
1179
1374
1177
1118
749
920
312
1499
611
721
491
326
905
1248
527
1513
121
465
80
775
216
618
324
729
397
1324
1406
611
994
225
1061
296
94
849
1024
49
1451
724
1063
1277
174
985
1390
1349
532
1266
1273
913
787
48
36
674
643
987
1251
215
477
1311
1527
1377
47
1203
1527
427
24
1078
327
1598
1599
998
99
724
744
1504
295
120
1383
1559
1244
929
933
1048
527
1177
208
609
697
511
1379
433
509
1447
977
409
366
494
944
1374
1087
648
171
649
627
1527
10
265
1521
655
1501
1076
501
369
645
267
1414
916
32
90
355
353
1318
332
503
922
44
1086
208
245
665
524
233
194
621
949
844
45
1427
702
1509
538
909
181
1173
687
794
1521
113
33
271
936
224
1241
640
353
1565
294
283
653
724
61
613
728
1533
177
914
540
660
1490
1550
449
1433
274
377
1411
671
661
1066
959
1036
1033
1183
974
1498
804
511
1386
913
682
601
855
1374
1427
5
1336
365
1187
1516
1149
559
324
228
1576
677
1174
829
194
1011
811
802
965
1244
1402
1027
1183
695
1074
995
194
1433
1094
54
897
1269
495
1015
399
1143
211
368
1579
482
161
781
3
468
1383
924
579
745
37
1333
1335
102
74
51
1411
287
671
487
724
1266
1044
91
576
241
174
187
561
1333
1299
654
83
1261
1218
641
419
660
1561
520
277
1154
83
183
64
1136
8
309
711
427
499
515
974
743
1107
504
98
611
982
77
679
487
668
47
605
1223
797
348
894
1527
169
1255
421
333
841
662
221
824
774
1041
1355
1349
1460
59
1335
816
816
1212
1090
311
887
514
1364
1462
1304
813
799
485
826
159
1106
1040
674
305
1211
1377
1127
1554
1074
109
1071
502
53
699
1133
1037
977
849
227
1491
204
11
1424
1024
977
354
1543
12
1574
90
583
32
1212
521
1384
1459
355
277
1174
1153
1011
724
1072
9
409
1127
1240
109
1558
1566
1173
466
902
331
324
487
513
1533
316
824
922
24
1361
794
605
40
1353
1277
385
352
133
1461
79
11
324
724
50
1314
1462
1206
1374
1094
1418
423
412
1224
974
824
1366
377
497
652
1562
507
382
324
315
919
1124
709
472
1444
1399
1062
1491
943
355
1265
265
699
1394
35
613
678
459
1110
58
1351
636
279
592
1497
533
433
1282
737
853
1203
1449
1517
1477
761
1572
837
1305
1527
1321
765
774
722
374
645
849
445
1327
24
15
94
974
518
208
1298
549
1454
1327
1437
1261
487
41
1368
1429
510
436
809
24
1140
903
803
278
441
61
595
877
586
774
241
965
24
1271
1499
995
955
80
983
313
774
48
816
710
1535
205
36
1224
253
968
301
2
695
933
132
409
27
1311
1344
1099
874
755
1179
1560
1523
774
412
1537
744
1361
970
736
1549
1238
1183
1555
1471
914
899
1141
1394
332
1436
1558
797
998
587
301
1319
1497
1059
436
429
154
421
1219
924
1379
1165
1361
634
883
1061
509
387
971
1287
1571
1033
1232
1238
1432
1183
111
311
95
1551
27
1274
184
1483
1312
659
965
872
982
468
347
1043
1561
1470
6
879
943
155
1173
1395
368
766
674
883
285
36
1025
732
441
882
122
1056
629
144
309
574
294
1586
1599
749
1374
449
1441
533
424
649
255
973
311
24
1073
716
647
321
1229
612
1394
474
1509
17
943
64
1523
986
980
824
1184
945
1109
422
149
709
749
432
155
905
266
98
294
1048
868
987
1069
346
1044
347
1418
1263
1044
699
1349
1444
1374
827
274
957
433
953
818
311
516
282
39
717
370
744
1382
609
527
105
102
74
243
713
272
1151
851
187
798
863
227
1204
852
1287
901
561
853
94
1224
634
1055
585
1116
1427
833
662
1462
414
382
411
1267
44
415
905
427
501
1077
1251
704
1145
691
677
961
1211
124
823
1109
1209
566
61
959
1374
1295
1297
509
1594
1492
1531
998
66
1064
511
970
86
1468
724
1074
594
1311
908
1012
851
756
408
483
1462
1024
1028
526
506
1087
244
345
1411
309
69
1144
1474
742
555
1537
114
1233
1421
1060
1283
361
1471
1411
1025
735
861
1115
585
77
577
1574
244
627
788
1179
190
1183
1047
566
544
215
233
1324
554
16
1313
309
555
1029
1127
1361
1009
774
174
571
120
1160
649
84
583
1565
1072
577
1155
83
1544
1261
1535
317
1382
1161
94
324
805
1426
1102
98
1274
1124
1288
1177
